[gd_scene load_steps=10 format=2]

[ext_resource path="res://scripts/main.gd" type="Script" id=1]
[ext_resource path="res://scripts/interaction.gd" type="Script" id=2]
[ext_resource path="res://scripts/cam_pivot.gd" type="Script" id=3]
[ext_resource path="res://env/color_bg.tres" type="Environment" id=4]
[ext_resource path="res://models/pusher.tscn" type="PackedScene" id=5]
[ext_resource path="res://models/board.tscn" type="PackedScene" id=6]
[ext_resource path="res://scripts/ball_manager.gd" type="Script" id=7]
[ext_resource path="res://models/menu.tscn" type="PackedScene" id=8]
[ext_resource path="res://scenes/grid_display.tscn" type="PackedScene" id=9]

[node name="root" type="Spatial"]
script = ExtResource( 1 )

[node name="interaction" type="Node" parent="."]
script = ExtResource( 2 )

[node name="cam_pivot" type="Spatial" parent="interaction"]
transform = Transform( 0.866025, 0, 0.5, 0, 1, 0, -0.5, 0, 0.866025, 0, 0, 0 )
script = ExtResource( 3 )
min_rotx = -20.0
max_rotx = 70.0
max_speed = 3.0
accumulation_speed = 2.0
deceleration_speed = 3.0

[node name="cam" type="Camera" parent="interaction/cam_pivot"]
transform = Transform( 1, 0, 0, 0, 0.202257, 0.979333, 0, -0.979333, 0.202257, -0.180326, 40.4844, 9.46789 )
fov = 30.0

[node name="env" type="WorldEnvironment" parent="interaction/cam_pivot/cam"]
environment = ExtResource( 4 )

[node name="lookat" type="Spatial" parent="interaction/cam_pivot"]

[node name="pusher" parent="interaction" instance=ExtResource( 5 )]
gravity_scale = 0.0
can_sleep = false

[node name="hit_rc" type="RayCast" parent="interaction"]
enabled = true

[node name="button_rc" type="RayCast" parent="interaction"]
enabled = true
collision_mask = 32768

[node name="render" type="Node" parent="."]

[node name="spot" type="SpotLight" parent="render"]
transform = Transform( 1, 0, 0, 0, 0.685019, 0.728525, 0, -0.728525, 0.685019, 0, 14.4363, 16.2035 )
shadow_enabled = true
spot_range = 42.9094

[node name="board" parent="." instance=ExtResource( 6 )]

[node name="balls" type="Node" parent="."]
script = ExtResource( 7 )
init_ball_y = 1.5

[node name="menu" parent="." instance=ExtResource( 8 )]

[node name="grid_display" parent="." instance=ExtResource( 9 )]
position = Vector2( 270, 270 )
