[gd_scene load_steps=9 format=2]

[ext_resource path="res://scripts/pusher.gd" type="Script" id=1]

[sub_resource type="PhysicsMaterial" id=5]
friction = 0.0
rough = true
absorbent = true

[sub_resource type="SphereMesh" id=1]

[sub_resource type="SpatialMaterial" id=3]
flags_unshaded = true

[sub_resource type="PrismMesh" id=6]
size = Vector3( 2, 2, 1 )

[sub_resource type="CubeMesh" id=7]
size = Vector3( 0.3, 2, 1 )

[sub_resource type="BoxShape" id=2]
margin = 0.001
extents = Vector3( 0.03, 0.3, 0.29 )

[sub_resource type="BoxShape" id=4]
margin = 0.001
extents = Vector3( 0.3, 0.3, 0.29 )

[node name="pusher" type="RigidBody"]
input_ray_pickable = false
mode = 1
mass = 100.0
physics_material_override = SubResource( 5 )
script = ExtResource( 1 )

[node name="sphere" type="MeshInstance" parent="."]
visible = false
mesh = SubResource( 1 )
material/0 = null

[node name="sphere2" type="MeshInstance" parent="."]
transform = Transform( 1, 0, 0, 0, 1, 0, 0, 0, 1, 0, 0, 2.01868 )
visible = false
mesh = SubResource( 1 )
material/0 = null

[node name="arrow" type="MeshInstance" parent="."]
transform = Transform( 0.247873, 0, 0, 0, -1.08349e-08, 0.247873, 0, -0.247873, -1.08349e-08, 0, 0.5, 1.273 )
material_override = SubResource( 3 )
mesh = SubResource( 6 )
material/0 = null

[node name="base" type="MeshInstance" parent="arrow"]
transform = Transform( 1, 0, 0, 0, 1, -1.06581e-14, 0, 1.06581e-14, 1, 0, -2.36527, 0 )
material_override = SubResource( 3 )
mesh = SubResource( 7 )
material/0 = null

[node name="coll0" type="CollisionShape" parent="."]
transform = Transform( -4.37114e-08, 0, 1, 0, 1, 0, -1, 0, -4.37114e-08, 0, 0, 1.03 )
shape = SubResource( 2 )

[node name="coll1" type="CollisionShape" parent="."]
transform = Transform( 0.5, 0, 0.866025, 0, 1, 0, -0.866025, 0, 0.5, -0.515, 0, 0.892 )
shape = SubResource( 2 )

[node name="coll2" type="CollisionShape" parent="."]
transform = Transform( -0.5, 0, 0.866025, 0, 1, 0, -0.866025, 0, -0.5, 0.515, 0, 0.892 )
shape = SubResource( 2 )

[node name="coll3" type="CollisionShape" parent="."]
transform = Transform( 1, 0, 0, 0, 0.707107, 0.707107, 0, -0.707107, 0.707107, 0, 1.30374, 0.890954 )
shape = SubResource( 4 )

[node name="coll4" type="CollisionShape" parent="."]
transform = Transform( 0.5, -0.612372, 0.612372, 0, 0.707107, 0.707107, -0.866025, -0.353553, 0.353553, 0.771589, 1.30374, 0.445477 )
shape = SubResource( 4 )

[node name="coll5" type="CollisionShape" parent="."]
transform = Transform( 0.5, 0.612372, -0.612372, 0, 0.707107, 0.707107, 0.866025, -0.353553, 0.353553, -0.771589, 1.30374, 0.445477 )
shape = SubResource( 4 )

[node name="coll6" type="CollisionShape" parent="."]
transform = Transform( 1, 0, 0, 0, 0.707107, -0.707107, 0, 0.707107, 0.707107, 0, -0.890954, 0.890954 )
shape = SubResource( 4 )

[node name="coll7" type="CollisionShape" parent="."]
transform = Transform( 0.5, 0.612372, 0.612372, 0, 0.707107, -0.707107, -0.866025, 0.353553, 0.353553, 0.771589, -0.890954, 0.445477 )
shape = SubResource( 4 )

[node name="coll8" type="CollisionShape" parent="."]
transform = Transform( 0.5, -0.612372, -0.612372, 0, 0.707107, -0.707107, 0.866025, 0.353553, 0.353553, -0.771589, -0.890954, 0.445477 )
shape = SubResource( 4 )

[node name="coll9" type="CollisionShape" parent="."]
transform = Transform( 1.31134e-07, 0, -1, 0, 1, 0, 1, 0, 1.31134e-07, -9.00455e-08, 0, -1.03 )
shape = SubResource( 2 )

[node name="coll10" type="CollisionShape" parent="."]
transform = Transform( -0.5, 0, -0.866026, 0, 1, 0, 0.866026, 0, -0.5, 0.515, 0, -0.892 )
shape = SubResource( 2 )

[node name="coll11" type="CollisionShape" parent="."]
transform = Transform( 0.5, 0, -0.866025, 0, 1, 0, 0.866025, 0, 0.5, -0.515, 0, -0.892 )
shape = SubResource( 2 )
